0.000000000000000000e+00 4.108653665615357581e-02
5.300000000000000266e-01 5.269273454717194882e-01
1.060000000000000053e+00 8.943671345198989098e-01
1.590000000000000080e+00 1.004120509373919834e+00
2.120000000000000107e+00 9.463639043348714974e-01
2.650000000000000355e+00 5.656327915054676359e-01
3.180000000000000160e+00 4.588274398865760384e-02
3.709999999999999964e+00 -4.674601744415328719e-01
4.240000000000000213e+00 -8.551135385462154126e-01
4.770000000000000462e+00 -9.049822497491404327e-01
5.300000000000000711e+00 -7.376169163162336062e-01
5.830000000000000071e+00 -4.368761620503788801e-01
